Number of program 10, number of datasize 1
Resolution of MPI wtime: 0.00000100000000000000
-----------------------------------------
10	0	8	0.000028	0.0000022598	0.0000014007	4.954220	10	36
10	0	16	0.000028	0.0000025794	0.0000015987	5.640420	10	34
10	0	32	0.000043	0.0000128933	0.0000079914	18.730180	10	32
10	0	64	0.000029	0.0000033389	0.0000020695	7.020773	10	30
10	0	128	0.000028	0.0000016698	0.0000010350	3.722908	10	28
10	0	256	0.000028	0.0000025882	0.0000016042	5.672241	10	26
10	0	512	0.000028	0.0000039400	0.0000024420	8.743684	10	24
10	0	1024	0.000029	0.0000057039	0.0000035353	12.084711	10	22
10	0	2048	0.000034	0.0000097820	0.0000060629	17.688991	10	20
10	0	4096	0.000911	0.0000207973	0.0000128903	1.415202	10	18
10	0	8192	0.000952	0.0000484355	0.0000300206	3.152383	10	16
10	0	16384	0.000974	0.0000159967	0.0000099148	1.017584	10	14
10	0	32768	0.001105	0.0000205702	0.0000127496	1.153867	10	12
10	0	65536	0.001251	0.0000174516	0.0000108166	0.864748	10	10
10	0	131072	0.002026	0.0004376523	0.0002712597	13.385698	10	8
10	0	262144	0.002730	0.0000591907	0.0000366868	1.343608	10	6
10	0	524288	0.004654	0.0001588008	0.0000984257	2.115045	10	4
10	0	1048576	0.008321	0.0001732900	0.0001074062	1.290742	10	2
