Number of program 10, number of datasize 1
Resolution of MPI wtime: 0.00000100000000000000
-----------------------------------------
10	0	8	0.000146	0.0000055250	0.0000076573	5.260010	2	20
10	0	16	0.000140	0.0000019737	0.0000027354	1.946894	2	19
10	0	32	0.000143	0.0000041944	0.0000058132	4.073882	2	18
10	0	64	0.000143	0.0000018529	0.0000025680	1.799166	2	17
10	0	128	0.000132	0.0000077450	0.0000087643	6.629162	3	16
10	0	256	0.000144	0.0000008667	0.0000012011	0.834897	2	15
10	0	512	0.000132	0.0000007857	0.0000010889	0.821845	2	14
10	0	1024	0.000155	0.0000016154	0.0000022388	1.440105	2	13
10	0	2048	0.000148	0.0000000833	0.0000001155	0.078037	2	12
10	0	4096	0.001841	0.0000858072	0.0000840911	4.568570	4	11
10	0	8192	0.001831	0.0000400000	0.0000554372	3.027368	2	10
10	0	16384	0.001891	0.0000055000	0.0000076226	0.403017	2	9
10	0	32768	0.002153	0.0000052500	0.0000072761	0.337914	2	8
10	0	65536	0.002496	0.0000955714	0.0001324552	5.307308	2	7
10	0	131072	0.002809	0.0000480833	0.0000666401	2.372308	2	6
10	0	262144	0.004015	0.0000156000	0.0000216205	0.538439	2	5
10	0	524288	0.006854	0.0001173750	0.0001626735	2.373452	2	4
10	0	1048576	0.012653	0.0002968333	0.0004113900	3.251452	2	3
