Number of program 10, number of datasize 1
Resolution of MPI wtime: 0.00000100000000000000
-----------------------------------------
10	0	8	0.000030	0.0000028848	0.0000017880	6.043514	10	36
10	0	16	0.000031	0.0000035625	0.0000022081	7.189596	10	34
10	0	32	0.000039	0.0000135862	0.0000084208	21.423560	10	32
10	0	64	0.000028	0.0000020866	0.0000012933	4.655963	10	30
10	0	128	0.000029	0.0000032405	0.0000020085	6.853126	10	28
10	0	256	0.000029	0.0000027641	0.0000017132	5.815057	10	26
10	0	512	0.000028	0.0000017679	0.0000010957	3.978460	10	24
10	0	1024	0.000029	0.0000039443	0.0000024447	8.414250	10	22
10	0	2048	0.000031	0.0000034385	0.0000021312	6.798160	10	20
10	0	4096	0.000941	0.0000562925	0.0000348905	3.708494	10	18
10	0	8192	0.000939	0.0000210043	0.0000130186	1.387020	10	16
10	0	16384	0.000975	0.0000089804	0.0000055661	0.570955	10	14
10	0	32768	0.001090	0.0000079213	0.0000049097	0.450612	10	12
10	0	65536	0.001234	0.0000173761	0.0000107698	0.873063	10	10
10	0	131072	0.001738	0.0000164704	0.0000102084	0.587203	10	8
10	0	262144	0.002603	0.0000411922	0.0000255312	0.981001	10	6
10	0	524288	0.004613	0.0000386325	0.0000239447	0.519047	10	4
10	0	1048576	0.008171	0.0000985727	0.0000610960	0.747676	10	2
