Number of program 10, number of datasize 1
Resolution of MPI wtime: 0.00000100000000000000
-----------------------------------------
10	0	8	0.000013	0.0000024736	0.0000015332	11.531824	10	20
10	0	16	0.000015	0.0000047814	0.0000029635	20.276160	10	19
10	0	32	0.000013	0.0000019928	0.0000012351	9.357030	10	18
10	0	64	0.000013	0.0000026909	0.0000016678	12.501201	10	17
10	0	128	0.000014	0.0000031508	0.0000019529	14.352736	10	16
10	0	256	0.000014	0.0000023146	0.0000014346	10.296158	10	15
10	0	512	0.000021	0.0000065102	0.0000040351	19.181981	10	14
10	0	1024	0.000049	0.0000032692	0.0000045309	9.254045	2	13
10	0	2048	0.000037	0.0000094339	0.0000058472	15.835240	10	12
10	0	4096	0.001719	0.0000742762	0.0000727906	4.235471	4	11
10	0	8192	0.001719	0.0000007500	0.0000010394	0.060473	2	10
10	0	16384	0.001806	0.0000076111	0.0000105485	0.584025	2	9
10	0	32768	0.002103	0.0000090000	0.0000124734	0.593052	2	8
10	0	65536	0.002309	0.0000090000	0.0000124734	0.540139	2	7
10	0	131072	0.002992	0.0000299167	0.0000414624	1.385659	2	6
10	0	262144	0.004432	0.0000091000	0.0000126120	0.284559	2	5
10	0	524288	0.007314	0.0001302500	0.0001805173	2.468022	2	4
10	0	1048576	0.013034	0.0003130000	0.0004337959	3.328102	2	3
