1	0.00000282577289048062	0.0000000673	0.0000000933	3.300580	2
2	0.00000282017032751876	0.0000000958	0.0000001327	4.706433	2
4	0.00000282035154454848	0.0000000673	0.0000000933	3.308036	2
8	0.00000293828822948315	0.0000000302	0.0000000418	1.423068	2
16	0.00000312343820348963	0.0000000581	0.0000000805	2.576077	2
32	0.00000444585329865756	0.0000000825	0.0000001143	2.570778	2
64	0.00000465520914050116	0.0000000838	0.0000001161	2.494621	2
128	0.00000520394398615910	0.0000000963	0.0000001334	2.564274	2
256	0.00000629854983970767	0.0000000039	0.0000000054	0.086002	2
512	0.00000707517590439110	0.0000001088	0.0000001507	2.130308	2
1024	0.00001022725735070570	0.0000001327	0.0000001839	1.798325	2
2048	0.00001440364487317144	0.0000004440	0.0000006153	4.272141	2
4096	0.00002184444003634983	0.0000001431	0.0000001983	0.907594	2
8192	0.00003246853991252620	0.0000000320	0.0000000443	0.136520	2
16384	0.00005344603512738202	0.0000000016	0.0000000022	0.004177	2
32768	0.00009540897427183209	0.0000001824	0.0000002528	0.264996	2
65536	0.00017926610749343345	0.0000002672	0.0000003703	0.206571	2
131072	0.00034768819808959960	0.0000004697	0.0000006509	0.187222	2
262144	0.00068617718560355049	0.0000006557	0.0000009087	0.132427	2
524288	0.00136695539250093344	0.0000020160	0.0000027941	0.204402	2
1048576	0.00275274423452524048	0.0000120952	0.0000167630	0.608957	2
2097152	0.00610211160447862375	0.0000045564	0.0000063149	0.103487	2
4194304	0.01217695474624633754	0.0000023484	0.0000032547	0.026729	2