MPI timer resolution: 0.00000100000000000000
1	0.00000116645648915281	0.0000000487	0.0000000551	4.723208	3
2	0.00000121620263946190	0.0000000080	0.0000000111	0.915812	2
4	0.00000123188776128432	0.0000000818	0.0000000567	4.603675	8
8	0.00000136796339058582	0.0000000155	0.0000000214	1.565601	2
16	0.00000157836195710418	0.0000000194	0.0000000268	1.699276	2
32	0.00000188611958124866	0.0000000808	0.0000000915	4.849495	3
64	0.00000206197517505590	0.0000000112	0.0000000156	0.754800	2
128	0.00000232733212984525	0.0000000422	0.0000000585	2.511929	2
256	0.00000277015029406938	0.0000000577	0.0000000799	2.884297	2
512	0.00000391299264472828	0.0000000356	0.0000000493	1.259262	2
1024	0.00000594359523845169	0.0000001316	0.0000001824	3.068188	2
2048	0.00001185767504633689	0.0000001727	0.0000002394	2.018896	2
4096	0.00002774000167846680	0.0000001391	0.0000001928	0.694851	2
8192	0.00004480524760920827	0.0000005117	0.0000007092	1.582891	2
16384	0.00008314847946166992	0.0000005944	0.0000008238	0.990813	2
32768	0.00015231154181740499	0.0000017972	0.0000024908	1.635300	2
65536	0.00027778641930941881	0.0000025938	0.0000035949	1.294111	2
131072	0.00054172754287719728	0.0000001311	0.0000001817	0.033548	2
262144	0.00108529840196881972	0.0000007947	0.0000011014	0.101487	2
524288	0.00217708769966574274	0.0000013218	0.0000018319	0.084147	2
1048576	0.00435307851204505374	0.0000034250	0.0000047468	0.109044	2
2097152	0.00860683123270670689	0.0000101063	0.0000140066	0.162738	2
4194304	0.01675750017166137418	0.0000011086	0.0000015365	0.009169	2