1	0.00000434374999999999	0.0000001129	0.0000001277	2.939999	3
6	0.00000430468750000000	0.0000000996	0.0000001128	2.619348	3
11	0.00000423437500000001	0.0000000609	0.0000000689	1.626190	3
16	0.00000413802083333333	0.0000000321	0.0000000363	0.877998	3
21	0.00000424739583333333	0.0000001025	0.0000001160	2.731539	3
26	0.00000408593750000000	0.0000001996	0.0000001956	4.786462	4
31	0.00000444531250000000	0.0000000834	0.0000000944	2.123419	3
36	0.00000417968750000000	0.0000000628	0.0000000711	1.700912	3
41	0.00000422916666666667	0.0000001308	0.0000001480	3.499306	3
46	0.00000414062499999998	0.0000001778	0.0000002012	4.859420	3
51	0.00000437500000000000	0.0000001492	0.0000001688	3.858828	3
56	0.00000448437500000000	0.0000001050	0.0000001188	2.649858	3
61	0.00000431249999999999	0.0000001230	0.0000001392	3.228362	3
66	0.00000410937500000003	0.0000001161	0.0000001313	3.195789	3
71	0.00000457812500000002	0.0000001755	0.0000001986	4.338106	3
76	0.00000428645833333332	0.0000001214	0.0000001374	3.205497	3
81	0.00000421354166666665	0.0000000410	0.0000000464	1.101394	3
86	0.00000425260416666666	0.0000000161	0.0000000182	0.427170	3
91	0.00000435416666666665	0.0000000769	0.0000000870	1.998561	3
96	0.00000435416666666667	0.0000000266	0.0000000301	0.690201	3
101	0.00000434895833333335	0.0000000479	0.0000000542	1.245768	3
106	0.00000439583333333332	0.0000001218	0.0000001378	3.134354	3
111	0.00000454427083333332	0.0000001654	0.0000001872	4.118774	3
116	0.00000447135416666666	0.0000000989	0.0000001119	2.502694	3
121	0.00000438541666666668	0.0000000925	0.0000001047	2.387168	3
126	0.00000444270833333333	0.0000001513	0.0000001712	3.852911	3
131	0.00000481718750000001	0.0000004567	0.0000002311	4.798343	15
136	0.00000474218750000004	0.0000000169	0.0000000191	0.402726	3
141	0.00000458281250000001	0.0000005428	0.0000002379	5.190593	20
146	0.00000454492187500002	0.0000002236	0.0000002191	4.821491	4
151	0.00000461979166666666	0.0000000487	0.0000000551	1.193372	3
156	0.00000446874999999999	0.0000000957	0.0000001083	2.422953	3
161	0.00000455208333333333	0.0000001345	0.0000001522	3.342598	3
166	0.00000440885416666670	0.0000000756	0.0000000855	1.939521	3
171	0.00000446614583333332	0.0000000242	0.0000000273	0.611900	3
176	0.00000447916666666667	0.0000000947	0.0000001071	2.392119	3
181	0.00000470898437499999	0.0000002286	0.0000002240	4.757440	4
186	0.00000450000000000002	0.0000000893	0.0000001011	2.245719	3
191	0.00000448437499999997	0.0000000784	0.0000000887	1.978000	3
196	0.00000469791666666663	0.0000001435	0.0000001624	3.457425	3
201	0.00000463281250000004	0.0000002302	0.0000002018	4.355884	5
206	0.00000468359374999997	0.0000003137	0.0000002174	4.640923	8
211	0.00000469791666666667	0.0000000613	0.0000000694	1.476433	3
216	0.00000457031250000002	0.0000001062	0.0000001201	2.628656	3
221	0.00000473749999999997	0.0000002517	0.0000002206	4.656687	5
226	0.00000463802083333342	0.0000000520	0.0000000588	1.267573	3
231	0.00000451041666666670	0.0000000258	0.0000000292	0.646786	3
236	0.00000485677083333328	0.0000001049	0.0000001187	2.443667	3
241	0.00000460937499999998	0.0000000574	0.0000000650	1.409420	3
246	0.00000460416666666665	0.0000001529	0.0000001730	3.757256	3
251	0.00000464062500000002	0.0000001281	0.0000001449	3.122597	3
256	0.00000457291666666661	0.0000000769	0.0000000870	1.902958	3
261	0.00000457552083333336	0.0000000512	0.0000000579	1.265369	3
266	0.00000465104166666669	0.0000000520	0.0000000588	1.264025	3
271	0.00000484114583333326	0.0000001170	0.0000001324	2.734492	3
276	0.00000470572916666675	0.0000001539	0.0000001742	3.701679	3
281	0.00000469270833333326	0.0000001247	0.0000001411	3.007720	3
286	0.00000466145833333330	0.0000001239	0.0000001402	3.008019	3
291	0.00000460937500000006	0.0000000585	0.0000000662	1.435283	3
296	0.00000461458333333339	0.0000000205	0.0000000232	0.502837	3
301	0.00000447916666666659	0.0000000425	0.0000000481	1.073020	3
306	0.00000498697916666659	0.0000001197	0.0000001355	2.716934	3
311	0.00000467447916666664	0.0000000425	0.0000000481	1.028186	3
316	0.00000475781249999999	0.0000002889	0.0000002312	4.859071	6
321	0.00000470572916666660	0.0000001505	0.0000001703	3.618099	3
326	0.00000477604166666660	0.0000001966	0.0000002225	4.659182	3
331	0.00000480468749999996	0.0000001436	0.0000001625	3.382818	3
336	0.00000494531249999996	0.0000000672	0.0000000761	1.537827	3
341	0.00000470572916666667	0.0000000626	0.0000000708	1.505571	3
346	0.00000468229166666665	0.0000001568	0.0000001775	3.789829	3
351	0.00000459114583333337	0.0000000543	0.0000000614	1.337174	3
356	0.00000468229166666665	0.0000000968	0.0000001096	2.339698	3
361	0.00000459635416666664	0.0000000997	0.0000001128	2.454809	3
366	0.00000470833333333334	0.0000001100	0.0000001245	2.643592	3
371	0.00000490104166666665	0.0000000930	0.0000001052	2.146152	3
376	0.00000470572916666667	0.0000000739	0.0000000837	1.777890	3
381	0.00000470833333333334	0.0000000626	0.0000000708	1.504738	3
386	0.00000463020833333327	0.0000000613	0.0000000694	1.498023	3
391	0.00000470833333333334	0.0000001100	0.0000001245	2.643592	3
396	0.00000460937500000006	0.0000001303	0.0000001474	3.197907	3
401	0.00000447135416666666	0.0000000903	0.0000001022	2.284954	3
406	0.00000465039062499999	0.0000002108	0.0000002066	4.442713	4
411	0.00000464322916666661	0.0000001911	0.0000002162	4.656897	3
416	0.00000443489583333336	0.0000001017	0.0000001151	2.595721	3
421	0.00000455468749999993	0.0000001232	0.0000001394	3.060805	3
426	0.00000469531249999998	0.0000002132	0.0000002090	4.450715	4
431	0.00000474218749999997	0.0000001255	0.0000001420	2.994447	3
436	0.00000480729166666663	0.0000000266	0.0000000301	0.625145	3
441	0.00000490039062500005	0.0000003481	0.0000002412	4.922335	8
446	0.00000484635416666653	0.0000000905	0.0000001024	2.113404	3
451	0.00000492968749999994	0.0000000447	0.0000000505	1.024987	3
456	0.00000491145833333319	0.0000000639	0.0000000723	1.472150	3
461	0.00000491145833333333	0.0000001729	0.0000001956	3.982685	3
466	0.00000510937500000005	0.0000001559	0.0000001764	3.451908	3
471	0.00000494010416666676	0.0000001072	0.0000001213	2.455188	3
476	0.00000483072916666666	0.0000001522	0.0000001722	3.565418	3
481	0.00000485156250000001	0.0000000886	0.0000001003	2.066983	3
486	0.00000485677083333335	0.0000001120	0.0000001268	2.609771	3
491	0.00000477604166666653	0.0000001021	0.0000001156	2.419771	3
496	0.00000483072916666680	0.0000001859	0.0000002104	4.354780	3
501	0.00000508258928571429	0.0000003061	0.0000002268	4.461913	7
506	0.00010297916666666673	0.0000040240	0.0000045536	4.421859	3
511	0.00010397916666666672	0.0000030334	0.0000034326	3.301208	3
516	0.00010347395833333317	0.0000022458	0.0000025414	2.456084	3
521	0.00010550000000000012	0.0000039074	0.0000044216	4.191084	3
526	0.00010418489583333337	0.0000019794	0.0000022399	2.149896	3
531	0.00010757343749999998	0.0000082169	0.0000050929	4.734338	10
536	0.00010354101562499974	0.0000046974	0.0000046034	4.445987	4
541	0.00010076822916666676	0.0000021351	0.0000024161	2.397640	3
546	0.00010283333333333325	0.0000023062	0.0000026097	2.537840	3
551	0.00010047395833333334	0.0000012710	0.0000014383	1.431474	3
556	0.00010421614583333340	0.0000041485	0.0000046945	4.504562	3
561	0.00010358333333333371	0.0000022490	0.0000025450	2.456991	3
566	0.00010878906249999973	0.0000019139	0.0000021657	1.990773	3
571	0.00010072135416666686	0.0000028933	0.0000032741	3.250645	3
576	0.00010351562500000046	0.0000037805	0.0000042781	4.132796	3
581	0.00010268750000000035	0.0000032331	0.0000036587	3.562899	3
586	0.00010375781249999962	0.0000041053	0.0000046456	4.477376	3
591	0.00010034635416666648	0.0000025844	0.0000029245	2.914414	3
596	0.00010544010416666666	0.0000023005	0.0000026033	2.468964	3
601	0.00010017708333333378	0.0000028024	0.0000031712	3.165592	3
606	0.00010206445312499956	0.0000041981	0.0000041141	4.030917	4
611	0.00011064062499999948	0.0000045094	0.0000051029	4.612145	3
616	0.00010356445312500019	0.0000044973	0.0000044073	4.255658	4
621	0.00010236718750000010	0.0000008475	0.0000009591	0.936889	3
626	0.00010409635416666677	0.0000020568	0.0000023275	2.235870	3
631	0.00010177031250000017	0.0000056911	0.0000049885	4.901697	5
636	0.00010578125000000026	0.0000022857	0.0000025865	2.445167	3
641	0.00010387500000000038	0.0000027671	0.0000031313	3.014494	3
646	0.00010092447916666633	0.0000016021	0.0000018130	1.796347	3
651	0.00010288020833333344	0.0000029078	0.0000032904	3.198311	3
656	0.00010490624999999938	0.0000011229	0.0000012707	1.211254	3
661	0.00009831510416666762	0.0000008135	0.0000009205	0.936291	3
666	0.00010463802083333223	0.0000008284	0.0000009374	0.895876	3
671	0.00010105989583333401	0.0000013070	0.0000014790	1.463470	3
676	0.00010141406249999929	0.0000053376	0.0000046786	4.613364	5
681	0.00009944531249999934	0.0000007858	0.0000008892	0.894170	3
686	0.00010525520833333409	0.0000020956	0.0000023714	2.253025	3
691	0.00011259374999999956	0.0000032999	0.0000037342	3.316494	3
696	0.00011373437499999969	0.0000049783	0.0000048787	4.289566	4
701	0.00011970982142857108	0.0000073181	0.0000054213	4.528704	7
706	0.00011239843749999885	0.0000013017	0.0000014730	1.310509	3
711	0.00010855121527777741	0.0000081598	0.0000053311	4.911127	9
716	0.00011028385416666717	0.0000015283	0.0000017294	1.568168	3
721	0.00011069791666666838	0.0000032338	0.0000036594	3.305735	3
726	0.00011938541666666723	0.0000041312	0.0000046749	3.915838	3
731	0.00011844010416666693	0.0000042223	0.0000047780	4.034128	3
736	0.00011929687499999976	0.0000030227	0.0000034205	2.867249	3
741	0.00010394531249999922	0.0000026813	0.0000030342	2.919062	3
746	0.00010085677083333337	0.0000021186	0.0000023974	2.377053	3
751	0.00010669010416666791	0.0000043559	0.0000049291	4.620050	3
756	0.00011433333333333319	0.0000008731	0.0000009880	0.864144	3
761	0.00012642968750000081	0.0000063947	0.0000056052	4.433480	5
766	0.00011696093750000053	0.0000042901	0.0000048547	4.150692	3
771	0.00010207552083333141	0.0000044073	0.0000049873	4.885869	3
776	0.00010864843749999915	0.0000054249	0.0000053164	4.893240	4
781	0.00011410714285714149	0.0000073159	0.0000054197	4.749631	7
786	0.00011682031249999937	0.0000047283	0.0000053505	4.580154	3
791	0.00011955468750000017	0.0000065457	0.0000057376	4.799113	5
796	0.00011561718750000005	0.0000038830	0.0000043940	3.800465	3
801	0.00012009943181818199	0.0000095899	0.0000056672	4.718796	11
806	0.00011745312499999994	0.0000032370	0.0000036630	3.118697	3
811	0.00012303385416666487	0.0000033577	0.0000037996	3.088268	3
816	0.00011846875000000080	0.0000029756	0.0000033672	2.842251	3
821	0.00011351302083333070	0.0000017932	0.0000020292	1.787640	3
826	0.00015457226562500017	0.0000258965	0.0000113496	7.342603	20
831	0.00020235937500000015	0.0000064081	0.0000072514	3.583451	3
836	0.00015853281249999900	0.0000232178	0.0000101757	6.418644	20
841	0.00012599699519230892	0.0000115160	0.0000062601	4.968488	13
846	0.00014305208333333327	0.0000044248	0.0000050071	3.500203	3
851	0.00012005815972222238	0.0000084801	0.0000055403	4.614712	9
856	0.00011309895833333528	0.0000010142	0.0000011477	1.014802	3
861	0.00011819977678571500	0.0000109711	0.0000057470	4.862137	14
866	0.00015081132812500112	0.0000226666	0.0000099341	6.587096	20
871	0.00010774999999999847	0.0000047178	0.0000046234	4.290878	4
876	0.00014266406249999994	0.0000323693	0.0000141865	9.943968	20
881	0.00012329427083333558	0.0000040685	0.0000046040	3.734119	3
886	0.00012814322916666782	0.0000076569	0.0000061268	4.781220	6
891	0.00016124776785714123	0.0000148901	0.0000077999	4.837215	14
896	0.00014940624999999972	0.0000290304	0.0000127231	8.515789	20
901	0.00016365937499999845	0.0000230531	0.0000101035	6.173476	20
906	0.00015353593749999894	0.0000200045	0.0000087674	5.710300	20
911	0.00015657109375000129	0.0000244712	0.0000107250	6.849909	20
916	0.00014770312500000013	0.0000041216	0.0000046640	3.157706	3
921	0.00012332617187500380	0.0000060760	0.0000059545	4.828246	4
926	0.00012467773437500711	0.0000080765	0.0000055967	4.488960	8
931	0.00012013281249999748	0.0000037974	0.0000042972	3.577030	3
936	0.00012247395833333194	0.0000013754	0.0000015565	1.270855	3
941	0.00012098958333333261	0.0000040241	0.0000045537	3.763719	3
946	0.00012335677083333274	0.0000021629	0.0000024476	1.984128	3
951	0.00012246354166666842	0.0000050303	0.0000056924	4.648217	3
956	0.00012576562500000535	0.0000021938	0.0000024825	1.973930	3
961	0.00012750260416666734	0.0000017280	0.0000019554	1.533637	3
966	0.00012082421875000277	0.0000048282	0.0000047316	3.916108	4
971	0.00013401367187500118	0.0000111646	0.0000063170	4.713675	12
976	0.00012028906250000082	0.0000030184	0.0000034156	2.839493	3
981	0.00012050390624999963	0.0000055971	0.0000054852	4.551871	4
986	0.00011679166666666667	0.0000044917	0.0000050828	4.352057	3
991	0.00012244010416666748	0.0000038394	0.0000043447	3.548459	3
996	0.00012251897321428895	0.0000081273	0.0000060208	4.914190	7
1001	0.00015704960937499985	0.0000238969	0.0000104733	6.668758	20
1006	0.00016192826704545577	0.0000134645	0.0000079570	4.913921	11
1011	0.00016344270833333155	0.0000044804	0.0000050700	3.102010	3
1016	0.00015648281250000006	0.0000208721	0.0000091476	5.845760	20
1021	0.00018170424107142948	0.0000115176	0.0000085324	4.695757	7
1026	0.00017214335937499882	0.0000248377	0.0000108856	6.323555	20
1031	0.00015814843749999906	0.0000240781	0.0000105527	6.672646	20
1036	0.00010808854166666677	0.0000014149	0.0000016011	1.481244	3
1041	0.00011990820312500136	0.0000049921	0.0000048923	4.080038	4
1046	0.00012352343749999958	0.0000038019	0.0000043023	3.482969	3
1051	0.00012226302083333251	0.0000045337	0.0000051303	4.196135	3
1056	0.00011656249999999572	0.0000015631	0.0000017688	1.517505	3
1061	0.00011899218749999996	0.0000058734	0.0000057559	4.837244	4
1066	0.00011175260416666777	0.0000027685	0.0000031328	2.803355	3
1071	0.00011271614583333496	0.0000042036	0.0000047568	4.220159	3
1076	0.00011514062500000514	0.0000032483	0.0000036758	3.192439	3
1081	0.00015625781249999847	0.0000255211	0.0000111851	7.158118	20
1086	0.00016000976562499935	0.0000235599	0.0000103256	6.453082	20
1091	0.00015836757812500018	0.0000194329	0.0000085168	5.377897	20
1096	0.00013918007812500007	0.0000206108	0.0000090331	6.490215	20
1101	0.00011564955357143117	0.0000109505	0.0000057362	4.960000	14
1106	0.00010513802083333505	0.0000010352	0.0000011715	1.114207	3
1111	0.00010659765624999641	0.0000063600	0.0000050891	4.774085	6
1116	0.00010360416666666909	0.0000017504	0.0000019808	1.911882	3
1121	0.00010551041666666261	0.0000027878	0.0000031547	2.989902	3
1126	0.00010770052083333241	0.0000019720	0.0000022315	2.071927	3
1131	0.00010978645833333023	0.0000032839	0.0000037160	3.384794	3
1136	0.00010797656249999603	0.0000012265	0.0000013879	1.285338	3
1141	0.00010570833333333381	0.0000042354	0.0000047928	4.534006	3
1146	0.00011076041666666554	0.0000040228	0.0000045523	4.110022	3
1151	0.00010643489583333592	0.0000034406	0.0000038934	3.657999	3
1156	0.00010967578125000109	0.0000066331	0.0000053076	4.839329	6
1161	0.00011485416666666415	0.0000035027	0.0000039636	3.451028	3
1166	0.00012550130208333529	0.0000065689	0.0000052562	4.188197	6
1171	0.00012441093749999689	0.0000062944	0.0000055173	4.434728	5
1176	0.00011997656250000339	0.0000024890	0.0000028166	2.347635	3
1181	0.00011701562499999429	0.0000013214	0.0000014953	1.277881	3
1186	0.00011896093750000485	0.0000024827	0.0000028094	2.361629	3
1191	0.00012125781249999745	0.0000049414	0.0000055917	4.611393	3
1196	0.00011616666666666720	0.0000042629	0.0000048239	4.152588	3
1201	0.00011812239583333661	0.0000024080	0.0000027249	2.306878	3
1206	0.00011934244791667048	0.0000067154	0.0000053734	4.502513	6
1211	0.00012002343750000533	0.0000047885	0.0000054187	4.514699	3
1216	0.00011044010416668322	0.0000019972	0.0000022600	2.046361	3
1221	0.00010986718749999198	0.0000040975	0.0000046367	4.220320	3
1226	0.00010909114583333250	0.0000030339	0.0000034331	3.147029	3
1231	0.00011937239583332630	0.0000072787	0.0000058242	4.878988	6
1236	0.00012094010416667060	0.0000012986	0.0000014695	1.215028	3
1241	0.00011664322916666674	0.0000046083	0.0000052148	4.470745	3
1246	0.00011775520833333848	0.0000024280	0.0000027476	2.333275	3
1251	0.00011792968749999948	0.0000048256	0.0000054607	4.630479	3
1256	0.00012065178571429065	0.0000072564	0.0000053756	4.455483	7
1261	0.00014559635416665681	0.0000059842	0.0000067718	4.651060	3
1266	0.00012609863281249668	0.0000128004	0.0000062722	4.974042	16
1271	0.00011862760416665268	0.0000049027	0.0000055479	4.676744	3
1276	0.00011760312500000425	0.0000063261	0.0000055451	4.715104	5
1281	0.00011057031250000238	0.0000037508	0.0000042444	3.838623	3
1286	0.00011355989583332800	0.0000044064	0.0000049864	4.390954	3
1291	0.00011094791666666863	0.0000036401	0.0000041192	3.712711	3
1296	0.00011458750000000739	0.0000055275	0.0000048451	4.228296	5
1301	0.00011059114583333862	0.0000035752	0.0000040457	3.658276	3
1306	0.00010994531249998903	0.0000032080	0.0000036302	3.301863	3
1311	0.00011307291666666035	0.0000036530	0.0000041338	3.655858	3
1316	0.00012074374999999915	0.0000177298	0.0000077704	6.435464	20
1321	0.00010701562500000279	0.0000010354	0.0000011717	1.094859	3
1326	0.00011145572916666328	0.0000041266	0.0000046696	4.189673	3
1331	0.00010652187499999854	0.0000056494	0.0000049519	4.648744	5
1336	0.00010753125000000548	0.0000020440	0.0000023130	2.151028	3
1341	0.00010756510416666069	0.0000033674	0.0000038105	3.542545	3
1346	0.00011042299107142621	0.0000066323	0.0000049132	4.449473	7
1351	0.00016661562499999948	0.0000200402	0.0000087830	5.271415	20
1356	0.00016605078124999894	0.0000406274	0.0000178058	10.723080	20
1361	0.00011185937499999521	0.0000040286	0.0000045588	4.075485	3
1366	0.00012993046875000024	0.0000211015	0.0000092481	7.117751	20
1371	0.00013697265624999650	0.0000192813	0.0000084504	6.169400	20
1376	0.00015190390624999773	0.0000201610	0.0000088360	5.816808	20
1381	0.00012880664062499964	0.0000057115	0.0000055972	4.345466	4
1386	0.00013895036764705539	0.0000142439	0.0000067711	4.873050	17
1391	0.00011817968749999741	0.0000013376	0.0000015136	1.280768	3
1396	0.00012732552083333237	0.0000032702	0.0000037006	2.906395	3
1401	0.00013014322916665710	0.0000055634	0.0000062956	4.837425	3
1406	0.00013241406250000254	0.0000058010	0.0000056850	4.293330	4
1411	0.00013430208333333379	0.0000009332	0.0000010560	0.786262	3
1416	0.00012483072916666393	0.0000035608	0.0000040294	3.227910	3
1421	0.00011819010416666553	0.0000088075	0.0000057542	4.868602	9
1426	0.00011883124999999967	0.0000141573	0.0000062047	5.221446	20
1431	0.00015270078124999669	0.0000220269	0.0000096537	6.321974	20
1436	0.00014438789062500013	0.0000171591	0.0000075203	5.208391	20
1441	0.00013647767857142120	0.0000085339	0.0000063220	4.632251	7
1446	0.00015271205357143030	0.0000140528	0.0000073613	4.820374	14
1451	0.00013304687500000542	0.0000032498	0.0000036775	2.764043	3
1456	0.00013153906250000050	0.0000041698	0.0000047186	3.587204	3
1461	0.00012948802083333674	0.0000124927	0.0000063222	4.882431	15
1466	0.00012299739583332414	0.0000030079	0.0000034038	2.767379	3
1471	0.00012307812500000903	0.0000040939	0.0000046327	3.764050	3
1476	0.00012176249999999444	0.0000060226	0.0000052790	4.335506	5
1481	0.00012510677083333679	0.0000022857	0.0000025865	2.067435	3
1486	0.00011496874999999962	0.0000012564	0.0000014217	1.236621	3
1491	0.00011988281249999399	0.0000067219	0.0000058920	4.914801	5
1496	0.00012545746527777783	0.0000088268	0.0000057669	4.596663	9
1501	0.00012291406249999767	0.0000041487	0.0000046947	3.819481	3
1506	0.00012332552083332837	0.0000066094	0.0000052887	4.288374	6
1511	0.00012148242187500630	0.0000046904	0.0000045966	3.783754	4
1516	0.00012782552083332824	0.0000052782	0.0000059728	4.672634	3
1521	0.00012446093750000572	0.0000023319	0.0000026388	2.120223	3
1526	0.00012279218749999821	0.0000065769	0.0000057649	4.694849	5
1531	0.00012086718749999374	0.0000034567	0.0000039116	3.236266	3
1536	0.00011514322916666986	0.0000026004	0.0000029426	2.555606	3
1541	0.00012464973958332959	0.0000068720	0.0000054988	4.411371	6
1546	0.00012181152343750806	0.0000082346	0.0000057063	4.684520	8
1551	0.00012394335937499640	0.0000058022	0.0000056862	4.587729	4
1556	0.00011787499999999877	0.0000033203	0.0000037573	3.187551	3
1561	0.00012340364583332541	0.0000050905	0.0000057604	4.667967	3
1566	0.00011991666666665475	0.0000006223	0.0000007042	0.587212	3
1571	0.00012132812499999572	0.0000044347	0.0000050183	4.136149	3
1576	0.00012759374999998796	0.0000045409	0.0000051385	4.027230	3
1581	0.00012118554687500643	0.0000061426	0.0000060198	4.967410	4
1586	0.00011648828124999344	0.0000050861	0.0000049843	4.278840	4
1591	0.00012020052083333566	0.0000031514	0.0000035661	2.966794	3
1596	0.00012409114583332900	0.0000011589	0.0000013115	1.056860	3
1601	0.00011827343750000358	0.0000054658	0.0000053565	4.528889	4
1606	0.00012180468749999525	0.0000017628	0.0000019948	1.637732	3
1611	0.00011968750000000232	0.0000041389	0.0000046836	3.913187	3
1616	0.00012201041666666061	0.0000034520	0.0000039063	3.201591	3
1621	0.00012040625000000332	0.0000049800	0.0000048804	4.053297	4
1626	0.00012238541666665750	0.0000031342	0.0000035467	2.898003	3
1631	0.00011940039062499630	0.0000047809	0.0000046853	3.923991	4
1636	0.00012408854166665964	0.0000021732	0.0000024593	1.981858	3
1641	0.00012011718749998142	0.0000051848	0.0000058672	4.884566	3
1646	0.00011823437500000737	0.0000007315	0.0000008277	0.700072	3
1651	0.00011922916666666505	0.0000070134	0.0000056119	4.706779	6
1656	0.00011964583333334833	0.0000025353	0.0000028689	2.397834	3
1661	0.00012022395833334125	0.0000027204	0.0000030785	2.560600	3
1666	0.00012576562500000535	0.0000026356	0.0000029825	2.371456	3
1671	0.00012479687499999947	0.0000044085	0.0000049887	3.997431	3
1676	0.00012278385416666926	0.0000032455	0.0000036726	2.991114	3
1681	0.00012200520833334043	0.0000035530	0.0000040206	3.295397	3
1686	0.00012352864583332437	0.0000030791	0.0000034844	2.820682	3
1691	0.00012394010416666434	0.0000025644	0.0000029019	2.341402	3
1696	0.00012048697916666740	0.0000014914	0.0000016876	1.400670	3
1701	0.00011935937499998883	0.0000049638	0.0000056170	4.705980	3
1706	0.00012322031250000531	0.0000066806	0.0000058558	4.752318	5
1711	0.00012533333333331989	0.0000038060	0.0000043069	3.436363	3
1716	0.00012476302083333501	0.0000038604	0.0000043684	3.501381	3
1721	0.00012474739583332820	0.0000036274	0.0000041047	3.290448	3
1726	0.00012342187500000157	0.0000025122	0.0000028428	2.303324	3
1731	0.00011878906250000394	0.0000010974	0.0000012418	1.045394	3
1736	0.00012421354166666787	0.0000043874	0.0000049648	3.997013	3
1741	0.00012116406250000285	0.0000015966	0.0000018067	1.491132	3
1746	0.00012603124999999854	0.0000058350	0.0000057183	4.537195	4
1751	0.00012383072916666293	0.0000018205	0.0000020601	1.663634	3
1756	0.00012069062500000283	0.0000061713	0.0000054094	4.482026	5
1761	0.00011840624999999901	0.0000041752	0.0000047247	3.990213	3
1766	0.00011819270833333488	0.0000014689	0.0000016623	1.406395	3
1771	0.00014100625000000312	0.0000139218	0.0000070454	4.996526	15
1776	0.00014646354166666931	0.0000050089	0.0000056681	3.869992	3
1781	0.00012803385416666294	0.0000031139	0.0000035237	2.752160	3
1786	0.00013105208333334209	0.0000018224	0.0000020622	1.573603	3
1791	0.00012859114583332887	0.0000023065	0.0000026101	2.029747	3
1796	0.00013086383928571723	0.0000083251	0.0000061673	4.712765	7
1801	0.00012917447916666047	0.0000027168	0.0000030743	2.379976	3
1806	0.00012378906250000896	0.0000015055	0.0000017036	1.376199	3
1811	0.00012070572916667022	0.0000031892	0.0000036089	2.989843	3
1816	0.00012290104166667870	0.0000046202	0.0000052283	4.254035	3
1821	0.00012180208333333516	0.0000025231	0.0000028552	2.344100	3
1826	0.00012357031249999687	0.0000051080	0.0000057803	4.677714	3
1831	0.00012528906250000582	0.0000054857	0.0000062076	4.954645	3
1836	0.00012345052083332733	0.0000029209	0.0000033054	2.677477	3
1841	0.00012265104166666227	0.0000046739	0.0000052890	4.312244	3
1846	0.00012059374999999946	0.0000009441	0.0000010684	0.885944	3
1851	0.00012159374999998196	0.0000049803	0.0000056358	4.634912	3
1856	0.00012282187499999543	0.0000060409	0.0000052951	4.311173	5
1861	0.00012144791666666525	0.0000013129	0.0000014857	1.223348	3
1866	0.00012284895833333809	0.0000050406	0.0000057039	4.643058	3
1871	0.00012230989583332982	0.0000021935	0.0000024822	2.029404	3
1876	0.00012028645833333147	0.0000039600	0.0000044812	3.725425	3
1881	0.00011934114583333118	0.0000052250	0.0000059126	4.954376	3
1886	0.00011852083333332986	0.0000034791	0.0000039370	3.321750	3
1891	0.00013032031249999668	0.0000031917	0.0000036118	2.771448	3
1896	0.00012130989583332881	0.0000021739	0.0000024600	2.027899	3
1901	0.00012265234375000156	0.0000053521	0.0000052451	4.276380	4
1906	0.00012434374999999628	0.0000053211	0.0000060213	4.842497	3
1911	0.00012167708333333620	0.0000040788	0.0000046156	3.793303	3
1916	0.00012473906250000665	0.0000058497	0.0000051275	4.110581	5
1921	0.00012209218749999472	0.0000064860	0.0000056852	4.656498	5
1926	0.00012210156250000041	0.0000077474	0.0000057393	4.700457	7
1931	0.00012359635416666256	0.0000049646	0.0000056180	4.545456	3
1936	0.00012095312499999881	0.0000041169	0.0000046587	3.851651	3
1941	0.00012337239583333029	0.0000043430	0.0000049146	3.983559	3
1946	0.00012095052083333872	0.0000023982	0.0000027138	2.243702	3
1951	0.00012003124999999486	0.0000050714	0.0000057388	4.781080	3
1956	0.00012000781250000776	0.0000035638	0.0000040328	3.360466	3
1961	0.00011922916666666968	0.0000016544	0.0000018721	1.570193	3
1966	0.00012093489583333190	0.0000030429	0.0000034433	2.847259	3
1971	0.00011891406250000292	0.0000011441	0.0000012947	1.088743	3
1976	0.00012077929687499822	0.0000056482	0.0000055353	4.582946	4
1981	0.00011902604166666442	0.0000046134	0.0000052205	4.386027	3
1986	0.00012627604166666936	0.0000024443	0.0000027660	2.190469	3
1991	0.00012359114583333311	0.0000038784	0.0000043888	3.551084	3
1996	0.00012559114583333511	0.0000032991	0.0000037333	2.972600	3
2001	0.00012701302083332878	0.0000091566	0.0000059823	4.709995	9
2006	0.00012101302083335670	0.0000036616	0.0000041435	3.424036	3
2011	0.00012377343749999289	0.0000020960	0.0000023719	1.916284	3
2016	0.00012269531249999485	0.0000035669	0.0000040363	3.289706	3
2021	0.00011620703125000964	0.0000045547	0.0000044636	3.841080	4
2026	0.00011981510416666137	0.0000030346	0.0000034340	2.866066	3
2031	0.00011933333333334166	0.0000011151	0.0000012618	1.057409	3
2036	0.00013465104166665576	0.0000026772	0.0000030296	2.249958	3
2041	0.00014304492187500184	0.0000066284	0.0000064959	4.541143	4
2046	0.00013586197916667006	0.0000034298	0.0000038812	2.856730	3
