1	0.00000357926960059819	0.0000000626	0.0000000708	1.977691	3
2	0.00000358029697718245	0.0000000194	0.0000000220	0.614461	3
4	0.00000366837370629404	0.0000000156	0.0000000177	0.482184	3
8	0.00000379801777655205	0.0000000265	0.0000000300	0.789560	3
16	0.00000394371164825571	0.0000000127	0.0000000144	0.365124	3
32	0.00000517335656571062	0.0000000127	0.0000000144	0.278218	3
64	0.00000543006952258124	0.0000000037	0.0000000042	0.077778	3
128	0.00000605155260134966	0.0000000151	0.0000000171	0.281875	3
256	0.00000709783835489242	0.0000000111	0.0000000125	0.176248	3
512	0.00000820940698099415	0.0000000350	0.0000000396	0.482581	3
1024	0.00001071983913205704	0.0000002449	0.0000002772	2.585515	3
2048	0.00001491494730216305	0.0000002191	0.0000002479	1.662211	3
4096	0.00002731835400616681	0.0000000581	0.0000000657	0.240636	3
8192	0.00004000004714097434	0.0000000563	0.0000000637	0.159262	3
16384	0.00006545556558145060	0.0000000468	0.0000000529	0.080845	3
32768	0.00011640967744769472	0.0000000265	0.0000000300	0.025805	3
65536	0.00021850103619454924	0.0000000978	0.0000001107	0.050658	3
131072	0.00042307217915852859	0.0000001928	0.0000002182	0.051570	3
262144	0.00083243090008932447	0.0000004871	0.0000005512	0.066219	3
524288	0.00165158627079982378	0.0000014148	0.0000016010	0.096938	3
1048576	0.00329058598249386486	0.0000003988	0.0000004513	0.013715	3
2097152	0.00656307626653600609	0.0000006896	0.0000007803	0.011889	3
4194304	0.01309123039245605434	0.0000022021	0.0000024919	0.019035	3