1	0.00000045158529794344	0.0000000331	0.0000000205	4.548465	10
2	0.00000046478228622608	0.0000000097	0.0000000110	2.366649	3
4	0.00000050987293517667	0.0000000371	0.0000000242	4.754674	9
8	0.00000055581944469562	0.0000000054	0.0000000061	1.103178	3
16	0.00000065797335141665	0.0000000083	0.0000000094	1.425592	3
32	0.00000062707352311644	0.0000000035	0.0000000040	0.636601	3
64	0.00000073598778766135	0.0000000171	0.0000000194	2.629656	3
128	0.00000087848076453576	0.0000000098	0.0000000111	1.264878	3
256	0.00000128394267598137	0.0000000142	0.0000000160	1.249965	3
512	0.00000200006696912977	0.0000000242	0.0000000274	1.367468	3
1024	0.00000524220976439662	0.0000000773	0.0000000875	1.668946	3
2048	0.00000730582645961216	0.0000000748	0.0000000846	1.158189	3
4096	0.00001137344925491898	0.0000000501	0.0000000567	0.498858	3
8192	0.00002040707968114837	0.0000000319	0.0000000361	0.176780	3
16384	0.00003744997419752517	0.0000000673	0.0000000761	0.203332	3
32768	0.00007131244197036280	0.0000002700	0.0000003055	0.428427	3
65536	0.00013803613596949084	0.0000001865	0.0000002110	0.152875	3
131072	0.00027604738871256509	0.0000002220	0.0000002512	0.090991	3
262144	0.00054531059567890466	0.0000003358	0.0000003800	0.069687	3
524288	0.00106146055109360648	0.0000042702	0.0000048322	0.455237	3
1048576	0.00232713956099290121	0.0000084943	0.0000096122	0.413050	3
2097152	0.00713459209159568453	0.0000176762	0.0000200025	0.280359	3
4194304	0.01451096534729003941	0.0000066562	0.0000075322	0.051907	3