1 0.00000134462951332010
2 0.00000139836514933725
4 0.00000128886278937845
8 0.00000154972076416016
16 0.00000168905629740133
32 0.00000200696187476589
64 0.00000196436177129331
128 0.00000229248633751502
256 0.00000290206221283459
512 0.00000413258870442708
1024 0.00000622587383918042
2048 0.00001228585535166215
4096 0.00003143416510687934
8192 0.00004723013901129001
16384 0.00009117577527020428
32768 0.00017154578006628788
65536 0.00032105117008603850
131072 0.00060316085815429691
262144 0.00114171277909051803
524288 0.00215462376089657062
1048576 0.00431577058938833417
2097152 0.00856578350067138672