1 0.00000476837158203125
2 0.00000459022736281491
4 0.00000467580907485064
8 0.00000480222113338518
16 0.00000518792635434634
32 0.00000634911942155394
64 0.00000646494436955106
128 0.00000702968010535607
256 0.00001001748882356237
512 0.00000928159345660293
1024 0.00001235053224383660
2048 0.00001749943713752591
4096 0.00003061029646131727
8192 0.00004079283737554783
16384 0.00006546200932683171
32768 0.00011761983235677083
65536 0.00019475920446987809
131072 0.00037752151489257814
262144 0.00072347550165085563
524288 0.00142905992620131540
1048576 0.00289688660548283487
2097152 0.00633594724867079032