1 0.00000712442933843377
2 0.00000778787276324104
4 0.00000388828324682919
8 0.00000398654442328911
16 0.00000418538916600894
32 0.00000541970349740291
64 0.00000567803016075721
128 0.00000623796806960809
256 0.00000731568587453742
512 0.00000852908728257665
1024 0.00001131758397939254
2048 0.00001621246337890625
4096 0.00003113397737828697
8192 0.00004696201633762669
16384 0.00007875760396321614
32768 0.00014632734759100554
65536 0.00024895668029785157
131072 0.00048066320873442150
262144 0.00093443954692167398
524288 0.00185580436999981222
1048576 0.00372044245402018215
2097152 0.00765950679779052717