1 0.00000053979037852769
2 0.00000045860514921301
4 0.00000047536543857904
8 0.00000055734213296469
16 0.00000064340356278093
32 0.00000085519707721213
64 0.00000109305748572716
128 0.00000161421103555648
256 0.00000226288511042009
512 0.00000201981022672833
1024 0.00000625483843745018
2048 0.00000702275170220269
4096 0.00001115915251941216
8192 0.00002004004813529350
16384 0.00003677425962505919
32768 0.00007037869815168709
65536 0.00013636112213134767
131072 0.00027145090557280041
262144 0.00053870677947998047
524288 0.00109104009775015014
1048576 0.00246777799394395621
2097152 0.00780961513519287144