1 0.00000209808349609375
2 0.00000050067901611328
4 0.00000050067901611328
8 0.00000081062316894531
16 0.00000059604644775391
32 0.00000109672546386719
64 0.00000100135803222656
128 0.00000181198120117187
256 0.00000259876251220703
512 0.00000510215759277344
1024 0.00001699924468994141
2048 0.00000898838043212891
4096 0.00001270771026611328
8192 0.00002288818359375000
16384 0.00004220008850097656
32768 0.00007920265197753906
65536 0.00015530586242675781
131072 0.00030078887939453123
262144 0.00059418678283691402
524288 0.00118250846862792973
1048576 0.00271499156951904297
2097152 0.00781490802764892543