Number of program 10, number of datasize 1
Resolution of MPI wtime: 0.00000100000000000000
-----------------------------------------
10	0	8	0.000108	0.0000071449	0.0000080852	7.471267	3	20
10	0	16	0.000104	0.0000003158	0.0000004377	0.422754	2	19
10	0	32	0.000105	0.0000006667	0.0000009240	0.876246	2	18
10	0	64	0.000097	0.0000049118	0.0000068074	6.994566	2	17
10	0	128	0.000103	0.0000021875	0.0000030317	2.950579	2	16
10	0	256	0.000110	0.0000022000	0.0000030490	2.765155	2	15
10	0	512	0.000107	0.0000057500	0.0000079691	7.435342	2	14
10	0	1024	0.000133	0.0000127348	0.0000078931	5.928487	10	13
10	0	2048	0.000139	0.0000032083	0.0000044465	3.192239	2	12
10	0	4096	0.001604	0.0001628059	0.0001009081	6.290574	10	11
10	0	8192	0.001545	0.0000068500	0.0000094936	0.614533	2	10
10	0	16384	0.001000	0.0000478333	0.0000662936	6.629730	2	9
10	0	32768	0.001057	0.0000314375	0.0000435702	4.123277	2	8
10	0	65536	0.011781	0.0000001429	0.0000001980	0.001681	2	7
10	0	131072	0.011788	0.0001148333	0.0001591509	1.350147	2	6
10	0	262144	0.012559	0.0000254000	0.0000352026	0.280289	2	5
10	0	524288	0.013623	0.0000005000	0.0000006930	0.005087	2	4
10	0	1048576	0.015603	0.0000463333	0.0000642147	0.411545	2	3
