Number of program 10, number of datasize 1
Resolution of MPI wtime: 0.00000100000000000000
-----------------------------------------
10	0	8	0.000153	0.0000034167	0.0000047353	3.092133	2	36
10	0	16	0.000158	0.0000010571	0.0000014651	0.925120	2	35
10	0	32	0.000156	0.0000001618	0.0000002242	0.143864	2	34
10	0	64	0.000150	0.0000025303	0.0000035068	2.342376	2	33
10	0	128	0.000153	0.0000012344	0.0000017108	1.115294	2	32
10	0	256	0.000154	0.0000028710	0.0000039790	2.583198	2	31
10	0	512	0.000163	0.0000064833	0.0000089854	5.526668	2	30
10	0	1024	0.000168	0.0000034828	0.0000048269	2.880816	2	29
10	0	2048	0.000170	0.0000006250	0.0000008662	0.509801	2	28
10	0	4096	0.002205	0.0000645926	0.0000895208	4.060240	2	27
10	0	8192	0.002213	0.0000079231	0.0000109808	0.496084	2	26
10	0	16384	0.002301	0.0000206600	0.0000286333	1.244136	2	25
10	0	32768	0.002605	0.0000118958	0.0000164868	0.632925	2	24
10	0	65536	0.002911	0.0000239130	0.0000331418	1.138366	2	23
10	0	131072	0.003881	0.0000084091	0.0000116544	0.300276	2	22
10	0	262144	0.006065	0.0000169762	0.0000235278	0.387938	2	21
10	0	524288	0.010244	0.0000050500	0.0000069989	0.068321	2	20
10	0	1048576	0.018840	0.0003053684	0.0004232190	2.246373	2	19
